375.000000
382.944894
380.331071
370.857928
392.272770
399.734134
409.474788
394.781559
432.459815
436.084900
409.933183
436.444703
432.426501
439.489140
462.022068
453.159919
452.245975
437.353083
469.531438
457.545295
471.249228
460.718983
481.369457
488.855601
498.129357
508.481258
494.345772
512.764084
501.547664
520.432356
527.656590
518.621577
529.868599
539.788612
525.949218
547.747071
529.575062
560.956724
552.903771
575.074244
565.376939
560.450936
578.338539
584.926532
606.003967
600.137873
606.916330
620.791265
629.103238
613.566657
613.605972
640.893048
641.116748
651.450935
634.648128
653.232242
635.795118
641.475681
653.758089
649.524150
653.851039
681.356252
681.786458
697.004167
684.631198
704.179087
700.419699
710.207996
712.559128
719.857403
736.373276
713.640246
736.680998
734.554816
726.391242
738.295837
749.181921
760.303675
756.669819
763.598885
758.691464
766.472052
767.797698
783.603557
799.133770
804.782590
796.393209
790.641115
785.580099
801.911377
817.259366
820.890782
831.702851
816.881554
852.667922
857.252809
863.245488
844.004543
886.380700
879.345764
870.395948
874.668257
876.763641
869.058931
891.703935
890.337985
883.260055
918.260799
913.772193
922.520659
914.896223
919.859296
937.171061
932.489012
952.172938
931.356421
948.319469
962.825864
970.116497
961.677674
970.851029
985.351542
991.465502
997.279806
993.803869
986.504880
989.058575
1005.808775
1001.056893
1017.116432
1015.675879
1036.904715
1023.430192
1047.293998
1039.136335
1053.506762
1047.573839
1054.633240
1040.002329
1081.669409
1089.827082
1077.069231
1075.751711
1078.003098
1101.972073
1094.711712
1103.879457
1118.025165
1118.089723
1106.172072
1115.646861
1112.340534
1124.100309
1142.764218
1122.426106
1156.306718
1170.069349
1154.447531
1175.103976
1180.291750
1173.260290
1176.378296
1192.767816
1182.262508
1194.998757
1181.360534
1200.188951
1206.133109
1222.648624
1201.304608
1200.850090
1247.589503
1231.200078
1237.446152
1230.474104
1247.567143
1258.537786
1264.759384
1263.780571
1263.714258
1280.615649
1275.935343
1293.554050
1281.970293
1306.956190
1305.512646
1297.598071
1310.468328
1320.956195
1336.113336
1310.275079
1319.270086
1330.497453
1338.762258
1338.854622
1340.533635
1347.345936
1343.273665
1353.063926
1363.086271
1362.808031
1368.511052
1390.693069
1368.760139
1388.716534
1405.068678
1396.911463
1390.607586
1415.600538
1419.480588
1423.040938
1421.036559
1433.495467
1439.307219
1432.967353
1452.576653
1445.597409
1448.074257
1463.104954
1449.654516
1472.908371
1483.131363
1456.100959
1466.782518
1485.406751
1474.098028
1514.137722
1507.194254
1498.645650
1520.612546
1493.007067
1514.305240
1525.292666
1530.295766
1543.295711
1546.838714
1540.371868
1563.566081
1569.104441
1571.926139
1563.324971
1589.442377
1566.229492
1585.052363
1582.121586
1602.313667
1616.634618
1609.100689
1612.297786
1614.654570
1603.051034
1631.912664
1626.217696
1647.668231
1649.074550
1649.080166
1643.587155
1659.601708
1645.248718
1673.030372
1643.666328
1682.054058
1685.315047
1676.701666
1679.543195
1683.526570
1721.712975
1704.364376
1705.532174
1717.096663
1734.145929
1727.493492
1717.039047
1739.028911
1747.389756
1740.904418
1767.303485
1765.981572
1755.703798
1760.447821
1786.141148
1767.020468
1800.194020
1783.107207
1782.695579
1808.994247
1812.084643
1811.445108
1828.754455
1821.439887
1819.131313
1832.584382
1816.093186
1837.981848
1834.102167
1849.939320
1845.185823
1852.179398
1849.389099
1883.418316
1886.361161
1871.376562
1888.060413
1891.252743
1891.155944
1876.317622
1907.608247
1903.688793
1909.776002
1913.642725
1916.294720
1931.429654
1944.446813
1947.800577
1931.561745
1930.835513
1948.332793
1981.914621
1967.255922
1955.853095
1988.885804
1972.708071
2013.069629
1988.682922
1986.363214
2008.870267
2005.711927
2012.586849
2022.523322
2019.943311
2024.408662
2031.232403
2042.375481
2045.605623
2054.390694
2044.944292
2066.741215
2055.651504
2060.736055
2067.420648
2065.313846
2062.143338
2093.422379
2104.349119
2096.715627
2083.890618
2103.188660
2094.065475
2110.080359
2110.031128
2106.140894
2125.925145
2142.621204
2122.594529
2147.865581
2153.873520
2135.691394
2158.168947
2152.413314
2154.511453
2170.040513
2181.557888
2176.760298
2194.425682
2204.565202
2184.988706
2201.832777
2197.110209
2203.395674
2218.282217
2224.964588
2222.471099
2226.610650
2246.472972
2237.114864
2243.767092
2240.688206
2248.034918
2258.622375
2279.118531
2293.545463
2270.560848
2300.307309
2289.000361
2302.436609
2294.030282
2300.023964
2296.926174
2302.132309
2320.902867
2337.597189
2310.867156
2332.057460
2346.908190
2346.667922
2338.401728
2364.181347
2354.015123
2379.440814
2366.304264
2361.044229
2374.778896
2388.905414
2390.022665
2376.278430
2395.864128
2402.414736
2419.896406
2392.783032
2394.191081
2421.028582
2431.334605
2430.634335
2437.121913
2453.618272
2451.821551
2459.137794
2461.745745
2462.856782
2475.819942
2475.175092
2475.319402
2481.410615
2492.320436
2499.091987
2504.277159
2496.040115
2489.901391
2500.873172
2497.269049
2509.266523
2529.414659
2541.501333
2528.385220
2540.753450
2550.387895
2544.919658
2559.816482
2566.078434
2569.911119
2581.690082
2567.928676
2565.902541
2592.874320
2589.883612
2594.276273
2619.537338
2624.136256
2607.140204
2629.657864
2625.237346
2615.412456
2626.539199
2652.314859
2625.205508
2647.967290
2656.736054
2653.264665
2654.499131
2664.630186
2665.726142
2666.439423
2681.770101
2682.806549
2690.123476
2694.286702
2715.668765
2704.090080
2710.018825
2722.219568
2709.253612
2729.363204
2734.626231
2734.341555
2749.639166
2739.925670
2748.472336
2752.575968
2759.171083
2756.804761
2767.029792
2776.897694
2773.813205
2778.112799
2799.848358
2786.013081
2797.062421
2816.782805
2809.091517
2833.737354
2823.416155
2817.108834
2816.744159
2841.595548
2854.163040
2852.528518
2840.095662
2846.986207
2853.746527
2867.707811
2885.311166
2874.923521
2871.548730
2892.834922
2882.077572
2897.277794
2898.752309
2912.559868
2922.841794
2916.982765
2928.910634
2925.527916
2933.580676
2931.969542
2945.506181
2948.664503
2944.855024
2978.201784
2947.038380
2978.621763
2983.052232
2969.571891
2986.195194
2981.515797
2995.917364
2996.862064
3007.904895
3001.410018
2995.556237
2994.757974
3008.080971
3027.100866
3029.243489
3032.123202
3040.154489
3054.268474
3042.614664
3071.321152
3067.928676
3055.121324
3071.702794
3054.451884
3027.857193
3019.136763
2956.360313
2939.108225
2919.603792
2872.806118
2817.459584
2825.020906
2775.765944
2740.259830
2721.090402
2685.990034
2637.188743
2611.988742
2561.622744
2527.509143
2520.564970
2474.200658
2457.968027
2409.645774
2370.808657
2337.138711
2299.208514
2257.110927
2254.325168
2199.516714
2162.650629
2128.267164
2104.253955
2055.466708
2037.139495
2020.568889
1969.345276
1919.307667
1903.977533
1891.676073
1840.138414
1809.021436
1765.358785
1741.073071
1678.576758
1668.568070
1637.438097
1589.577826
1579.242804
1522.853360
1501.280563
1482.970422
1440.336985
1397.238423
1369.024060
1344.193268
1304.845689
1260.358811
1230.577306
1211.937240
1168.155268
1131.078221
1111.670450
1075.911108
1039.091695
996.655632
974.785166
932.827444
895.016472
857.625944
839.569255
806.270843
795.636524
734.036827
711.549834
668.123599
648.049938
604.597747
562.918749
536.019711
507.017963
492.953211
454.982244
417.062200
383.089125
383.416786
376.677656
376.221240
384.520847
357.042342
393.298921
378.429238
385.972497
377.935870
358.684825
381.103640
362.296497
365.816025
373.596508
377.612292
367.888972
366.338387
372.105332
386.037060
368.596451
381.649337
383.283217
361.770003
372.604492
367.254710
381.266523
375.673816
378.055604
362.192357
374.919349
365.198882
375.075120
382.764011
384.168609
381.375421
374.509656
375.922575
375.271420
374.095127
371.443867
386.107973
407.786921
411.841775
410.131780
389.809285
420.345325
424.731560
421.894760
419.850277
426.900131
424.869697
420.045212
451.184270
447.995025
464.803557
451.868808
478.019086
483.393043
478.034386
483.087729
460.198691
482.172901
487.998879
489.772621
491.346456
493.128275
521.857579
525.449301
538.761364
530.724148
527.983949
539.410428
534.957656
573.419506
553.815550
565.549466
572.362692
558.838950
563.464082
587.401561
581.602084
593.306083
602.104508
614.487510
595.352201
609.341545
607.299228
613.190860
603.275976
631.994354
625.688636
632.266832
658.045410
655.426400
647.242487
662.771995
662.375600
680.871246
673.888767
682.690917
705.751303
687.136319
686.933870
686.240066
705.173238
701.994454
722.440559
709.779227
723.252464
723.175477
733.481104
747.511083
743.587241
772.604743
772.243691
754.681566
770.246864
767.493788
795.931032
789.019039
764.729950
777.497801
781.364100
797.969308
802.324781
800.627497
823.304320
825.322393
833.052771
841.201167
837.902355
835.375478
861.166993
853.571967
843.909037
861.257187
862.762933
879.501113
886.202358
885.674111
882.920258
893.319980
898.658444
901.528571
909.990168
904.912691
914.413181
918.640880
934.357288
919.854963
941.768356
951.862812
957.482564
963.459743
962.224729
944.672296
950.408143
962.949569
975.917039
967.159403
987.554601
984.355735
974.992943
990.596941
1007.243819
1032.231790
1019.596801
1011.411850
1043.534313
1023.814399
1041.454596
1040.644637
1040.564606
1041.923889
1050.134504
1082.168232
1054.856896
1072.229854
1070.751680
1080.402757
1071.368357
1093.507646
1095.912089
1080.024014
1096.906520
1111.122372
1115.259054
1121.161548
1125.480806
1145.067039
1119.344519
1139.957492
1149.678609
1154.862559
1150.528767
1146.622618
1179.066749
1178.992470
1169.735984
1180.299255
1180.191332
1200.984330
1181.942375
1176.676292
1191.825994
1209.103777
1219.845043
1221.690370
1217.876479
1237.297556
1242.587295
1245.843570
1250.092583
1248.126784
1252.916920
1271.256968
1265.212896
1282.565141
1281.745060
1246.395524
1229.353050
1175.578344
1150.292502
1123.071320
1080.094057
1045.159921
1022.379886
966.490420
948.539314
922.688639
873.912137
837.846229
824.446925
787.184381
737.595048
718.695432
666.964217
626.815392
617.363574
577.343607
554.569057
524.148909
484.708615
460.853294
419.324635
375.769873
371.009543
376.303883
386.734067
381.768015
394.934230
399.174666
392.578714
397.392639
415.771720
407.641339
415.175708
415.297050
431.274871
410.673138
436.736612
450.146300
443.435560
458.516928
449.355476
466.145306
473.345999
473.761932
483.441593
492.019457
488.584693
490.568445
481.962434
495.348712
507.396524
520.073029
528.001142
530.505192
526.343230
539.061569
529.522098
548.655585
543.465219
536.714025
556.770461
557.273579
567.550602
586.701951
574.818644
587.698644
580.095266
601.395059
600.412078
583.493040
596.552882
605.110405
618.633298
614.146949
624.874851
641.357242
649.164189
631.767119
667.625294
657.724882
657.292599
666.695643
661.244246
671.666377
684.148840
676.754383
687.819697
699.803757
684.695950
701.530739
710.277914
713.192362
709.227638
716.622094
722.009986
718.172292
735.085896
747.360453
754.038543
738.615598
760.742733
765.056151
772.859436
748.638166
774.613114
772.837467
784.997943
802.467584
799.801557
800.774232
812.115489
809.714153
805.230723
815.685557
827.460644
818.000138
839.412776
833.336366
844.799195
844.862212
854.596725
868.775210
870.688467
867.650521
881.678582
879.802815
871.826494
892.142220
892.863760
886.593207
902.849984
906.986749
917.084725
926.574408
921.002849
947.700671
947.464645
937.590954
941.156537
959.382890
949.005427
959.929678
970.183292
968.354916
982.154059
982.947662
997.464761
994.239804
981.984740
989.518633
1008.049428
1008.905618
1016.187724
1026.601002
1015.946850
1026.437839
1055.088493
1053.688652
1041.460709
1060.326725
1057.945958
1054.093195
1062.059538
1072.496969
1061.123067
1069.989406
1071.791512
1083.657002
1081.250696
1102.401746
1093.877829
1119.543542
1110.361837
1130.486456
1144.263408
1148.596637
1141.380774
1142.229957
1142.985560
1152.578304
1160.109835
1153.221955
1172.705285
1187.357599
1177.800612
1171.507143
1198.936296
1194.531403
1221.945623
1201.565699
1208.376830
1213.949654
1216.432060
1226.045895
1226.689804
1232.864917
1219.643889
1236.274605
1238.113041
1259.329456
1227.887098
1253.282584
1275.034514
1271.810737
1281.113063
1243.324621
1199.498835
1162.926546
1121.113193
1094.059403
1089.770624
1041.703860
1005.240194
960.077663
923.712126
893.528989
876.079255
821.577188
821.240785
765.933089
730.523305
697.552142
658.620134
649.678590
594.910155
578.279490
550.817233
522.417906
470.392285
445.205362
399.816582
366.945391
381.422882
370.732259
364.967904
388.410241
366.258081
403.302039
379.276470
389.846079
416.762321
389.212101
410.933074
423.980096
426.326507
436.226018
434.317482
438.232457
443.336030
444.779106
456.647110
457.092139
454.643923
468.993505
467.235220
476.044677
491.438605
486.397503
500.768448
483.742803
489.517953
517.116271
505.579259
514.154931
519.309913
520.825054
537.938453
547.265647
537.947679
536.769526
541.955001
556.678899
577.207904
575.546678
575.041691
582.528623
586.022868
596.412410
602.476341
605.667616
599.591739
612.963018
618.331690
629.540632
631.949960
622.191826
629.071590
627.365329
637.087816
647.889400
657.859292
670.066230
674.084919
680.941586
674.035046
663.457887
683.818783
685.984714
707.182592
687.774972
703.813595
686.963667
719.864767
693.008273
710.375584
726.186970
743.429942
722.486975
744.558951
744.824629
738.726664
763.845271
755.452268
761.403760
760.417427
776.336670
779.692390
768.814857
797.083580
799.573716
792.821456
797.769809
823.538263
813.968477
818.146731
817.541037
831.056985
825.799278
818.939029
842.430190
833.750971
852.946964
857.554630
864.747141
880.715476
859.603271
881.794726
895.809986
882.194637
897.857306
910.475060
885.349637
900.741339
901.382018
924.714226
932.984580
940.795350
930.486003
944.000934
944.588772
944.190561
954.898722
946.897486
954.544431
938.894737
923.336811
883.047693
851.858029
818.032020
797.177640
747.131909
724.752805
687.036963
665.954148
616.483837
612.391447
543.512805
528.069391
497.602908
466.997717
404.668937
383.721581
361.893877
368.309343
370.854865
383.072691
359.960232
380.117243
362.268457
363.690196
376.398654
377.420093
393.087134
396.588495
383.030543
378.517147
386.088355
378.516781
364.563477
370.574770
362.873951
361.751413
372.403317
364.741104
369.888707
371.256539
363.007864
390.572600
373.246557
375.377959
379.089424
372.701534
386.247535
382.235861
372.039923
358.265681
379.211772
378.208891
379.029598
380.210821
383.499304
371.449668
377.239126
373.818552
372.367134
386.204688
375.927418
383.461433
386.597988
367.444431
370.817509
393.174216
370.471916
373.872036
366.034266
372.706025
375.540603
378.828751
376.491770
373.162781
369.337545
384.322232
365.383989
373.743328
383.461771
370.700592
360.081756
397.124206
372.597552
367.277324
389.262125
363.625198
376.064271
366.416854
376.960419
368.263508
375.197908
387.256247
369.661500
395.244379
383.477185
384.028419
378.248858
367.871803
388.450843
378.459008
378.825593
358.200327
376.117031
382.940750
366.732466
374.712666
376.113892
389.126594
375.094812
384.782374
369.922871
389.140458
382.719732
392.561573
374.350625
379.330099
377.561573
380.523985
378.576109
405.934817
404.209578
385.089701
403.135037
379.357060
415.010271
407.846318
427.503482
423.151923
427.842747
453.015292
437.988491
431.710551
451.208671
457.009072
464.263671
459.148596
471.769573
481.341900
475.340984
486.130009
491.138337
488.922458
496.064519
510.696156
499.407437
532.682748
501.825437
532.001916
520.342139
532.931077
536.627844
530.039354
553.655398
552.557937
561.897773
558.558739
553.546425
592.714073
579.336985
596.185711
562.362065
597.461879
612.603609
621.037715
585.419180
622.393841
620.783485
633.557090
628.271081
643.096566
624.448321
644.317001
656.590102
657.483966
664.796314
655.620313
677.412649
669.216177
667.358286
673.177867
706.157130
706.197674
703.344200
714.629495
703.331965
706.669992
713.466001
716.566701
745.080816
740.682674
742.665740
738.763044
752.013202
766.072919
760.785101
762.821252
783.487313
773.258298
781.409787
776.620223
780.657808
796.698684
804.636777
807.228897
814.525846
832.250565
839.764094
825.418594
833.628443
840.825450
827.372754
842.860403
876.458011
855.510020
865.821182
861.468001
866.045345
874.530537
891.762134
894.217217
888.583821
890.680843
894.475718
893.487622
907.400448
910.873635
922.281675
930.976085
920.907417
925.570892
952.804966
956.082529
944.362282
944.322532
967.871694
957.427625
955.741554
972.894727
976.410557
940.969311
898.931978
869.826558
835.834005
800.896887
769.502439
733.702244
723.641379
672.266329
638.567481
606.062675
577.661728
539.258155
513.431362
468.484447
441.825965
417.412199
354.176961
372.924770
380.315520
364.828245
372.468554
381.679085
378.091463
376.315578
406.626716
370.086924
382.700006
365.939794
365.482616
355.659766
366.249587
383.704701
367.645229
395.767888
399.884710
385.414067
417.392965
408.125313
438.874547
414.465064
417.865456
439.065942
432.269390
437.060624
455.574204
460.752483
452.058123
443.247413
473.977641
466.662294
488.046821
481.676049
469.096396
493.058414
475.929734
508.198627
518.521403
505.360543
529.827425
519.252639
512.407767
524.692268
525.055844
534.760312
540.897096
545.427249
548.069926
541.380231
567.623098
570.931848
588.144863
579.974872
589.916918
589.777722
583.246779
598.643191
583.804549
609.033551
603.177868
625.674774
645.077020
613.477081
639.689308
620.304647
647.432917
642.996048
667.572671
644.583359
655.352996
654.651205
682.809324
681.075132
686.330873
713.530936
708.933212
702.032379
718.340757
716.976998
717.881998
710.068130
731.784908
732.857109
737.320577
749.995813
745.919683
746.355354
763.612153
773.719717
787.976106
758.194583
792.473712
785.137311
793.321830
787.730967
807.283565
794.674261
805.284549
809.224614
816.349790
821.447096
830.337221
834.706229
848.722845
835.585189
829.987542
839.282262
856.424009
877.335905
860.584955
886.527208
866.126203
864.920462
862.967176
889.845696
902.511311
906.998549
885.543791
914.237580
919.336144
933.285990
930.488711
938.795750
929.168892
930.348382
951.711124
954.131695
975.862707
974.868806
958.953990
941.949863
911.978793
876.871557
849.086230
809.022362
757.096449
725.671178
712.091236
657.586300
619.583059
600.461979
579.811363
534.740979
529.239754
492.117605
433.686008
393.241887
366.538817
383.750779
399.774256
361.988551
365.500506
360.472991
376.557788
376.114866
363.537927
382.369095
370.194858
373.370452
373.299110
380.660888
386.540187
399.886579
387.836753
400.373423
387.721837
417.885498
400.743890
419.251976
437.458529
420.997292
398.073743
443.241360
442.754438
453.336400
452.077249
441.813232
452.480976
460.161217
473.743369
464.286608
481.986805
486.415947
506.189183
489.566638
490.160752
498.383604
523.615511
498.541973
501.469616
548.633036
549.512325
542.269825
545.868896
560.389891
559.584622
534.574247
562.282313
566.333164
576.266291
594.357525
586.799654
578.059741
598.977488
604.873667
598.117844
602.644277
625.996021
618.156366
623.033229
646.653812
631.944050
632.099946
646.677002
641.789839
658.025598
640.600610
642.132921
676.484568
665.700038
683.502481
669.415513
695.044032
675.960551
689.647221
698.844735
719.721904
700.455210
724.330816
720.882817
713.740307
729.862275
727.601594
736.694021
742.956997
756.765581
752.870463
751.310521
755.972105
791.415769
769.297332
778.978589
778.345891
792.943716
793.539267
820.907344
802.052675
814.574172
797.220148
822.649260
825.312923
832.337948
830.743451
846.501720
846.917094
855.431155
864.462482
872.807746
854.297963
882.873406
870.793724
877.158361
877.995913
889.913634
899.106607
892.730978
907.254402
929.746717
928.655484
927.776701
919.606818
927.250655
925.946691
976.086265
946.514058
979.969814
956.494558
952.213398
975.311360
975.631538
931.838969
900.323324
885.942305
846.389290
818.686341
776.160594
759.248958
719.127994
685.101626
643.229776
595.489674
565.391871
544.798184
488.327546
475.657182
439.098899
405.909217
387.066818
389.534825
375.326027
364.150345
364.066737
390.478628
361.883401
364.382583
381.043618
385.241830
378.932754
361.630784
366.002144
351.469280
367.708893
384.531645
368.170626
380.341866
391.034628
405.980646
398.499286
414.695551
394.061915
414.913772
417.549962
436.713417
433.840443
444.075830
443.170613
458.203367
440.231957
465.724838
441.693377
467.487174
483.112432
469.495068
482.336119
485.601913
492.255410
489.732565
500.849472
519.383064
527.228445
499.578339
518.761949
510.006927
546.455748
540.773238
550.921073
537.167532
555.405627
546.070088
561.904270
585.611261
577.064536
577.913328
603.255403
576.211664
583.041813
609.955272
600.065143
597.080614
593.561154
624.655308
625.707614
640.284135
630.894925
632.787562
636.981662
646.548756
663.006956
637.870480
670.081815
664.136027
685.766770
695.192140
685.282559
689.932484
699.185091
685.120519
701.743152
716.642594
697.728217
716.009029
706.393334
712.727588
723.928832
732.684561
749.118485
741.044320
746.449699
764.723210
771.864340
790.983716
776.610120
759.290623
780.916150
797.208629
782.830412
796.041466
786.458160
807.029517
800.314926
760.917706
745.383737
695.763500
678.320157
643.177664
612.986241
579.094742
538.382176
510.703337
479.546715
443.924532
403.662788
392.824286
372.094510
372.591115
386.883829
380.301481
368.086030
384.640588
357.638723
385.935052
369.349750
390.201688
379.186226
368.770871
377.026223
364.408431
385.811781
380.863318
379.256585
395.932237
371.460128
373.366782
364.752109
372.548963
361.723324
379.305402
360.365153
387.108167
372.707230
358.474158
386.279960
358.893474
396.198805
371.553821
387.216474
383.076510
375.115343
377.882846
378.815193
385.315743
360.847210
367.702997
365.114908
363.645817
367.667820
384.574844
372.735805
374.843480
398.129568
379.931994
367.669722
370.557763
369.680938
376.820053
357.582129
389.352719
377.087485
373.379115
362.695953
375.393658
370.314509
365.371022
372.397132
373.219837
366.089674
384.191812
391.994664
363.894337
365.569548
374.818474
362.216949
376.737982
355.944953
370.568206
354.432653
358.700178
387.326378
369.050423
373.776867
369.053643
369.473063
389.434979
377.413323
376.531489
370.810243
394.548657
378.341652
368.091755
383.751095
373.275885
359.927869
378.512043
376.271591
367.266470
369.775734
360.857701
373.075706
378.434423
362.073582
375.196435
366.143927
380.785133
363.157350
371.805991
374.146679
366.945921
370.107236
391.675739
392.572636
396.671196
397.456094
414.307304
386.372857
410.890618
418.967313
457.637042
428.447659
421.837875
454.178608
455.709694
451.612497
454.024522
464.471708
469.274420
468.134068
463.825443
474.226123
490.024879
493.176168
510.126249
499.472246
504.624961
521.740479
515.767609
523.218260
521.127520
514.843191
520.307399
549.025131
567.428858
533.413680
538.878096
561.176102
571.089297
553.885356
583.766372
589.406073
574.984907
575.688421
605.671986
606.172661
607.247335
624.717456
618.996756
621.794043
628.036666
634.134954
632.366183
623.789773
643.878050
640.579875
638.971901
665.271413
677.324483
668.350257
680.671285
681.641479
679.501164
696.251286
706.728369
692.633850
716.556748
709.386992
696.917550
722.009929
738.093764
731.658007
739.464714
741.464661
758.777708
748.938513
758.232581
756.932526
764.159630
770.448261
779.744272
792.892634
793.985640
802.055826
801.833959
799.350431
814.183448
805.709898
824.000685
820.180164
825.610361
830.106795
846.634754
821.981032
847.211244
845.497047
851.694256
872.430165
863.598521
862.546010
877.330269
870.799016
893.155447
898.882431
906.224922
898.679897
892.729813
912.701055
911.605378
930.728360
915.169378
917.993979
945.200953
945.999540
938.558499
958.817723
965.156596
974.271177
979.583117
977.615945
980.873299
985.211715
996.487214
991.474992
993.253749
1002.661512
1006.789699
1008.105171
1009.190281
1034.677021
1042.069365
1020.940349
1049.600562
1053.002637
1040.787442
1057.080164
1046.152603
1056.888651
1085.153631
1085.820566
1071.623380
1083.513047
1086.489689
1091.584237
1107.390047
1110.088824
1119.358177
1101.563148
1125.661465
1132.092336
1124.054049
1133.408043
1140.694507
1151.212939
1144.788437
1178.597998
1157.162237
1156.842857
1159.598613
1161.762153
1178.828159
1179.219139
1191.575027
1193.600455
1199.284415
1210.457415
1226.979325
1201.803769
1235.505310
1215.852468
1226.147243
1222.241062
1216.015056
1231.862125
1243.625721
1234.832193
1257.647178
1273.114342
1264.496982
1263.526210
1272.031154
1292.021589
1278.102087
1307.661587
1311.101507
1297.228420
1311.148632
1323.681696
1314.985263
1308.835177
1329.974115
1330.962640
1348.373249
1349.043995
1342.371784
1361.208098
1343.676095
1355.928136
1376.473577
1375.260208
1398.930385
1381.804159
1395.453292
1391.461615
1412.975597
1408.239565
1411.151490
1417.348484
1403.530909
1420.863913
1433.127503
1449.561863
1450.855989
1433.100499
1438.971834
1458.061683
1448.855200
1456.425073
1466.813627
1485.107936
1474.024091
1492.924899
1480.307558
1495.428894
1478.517114
1491.492162
1509.598333
1501.010677
1508.943544
1512.220430
1548.128820
1528.184502
1541.126719
1526.356771
1549.134131
1546.512088
1555.113970
1571.628661
1568.804992
1572.298969
1572.081094
1569.782999
1583.036047
1565.073243
1554.771229
1494.746356
1483.216353
1434.862494
1410.099268
1390.257059
1350.056586
1306.816544
1291.086419
1253.413689
1214.239920
1176.109412
1168.797865
1110.954168
1089.557702
1058.298327
1015.648806
978.821577
942.244251
912.686886
883.383223
864.159046
831.001255
773.685575
745.829694
727.492900
676.910878
650.147424
612.503112
613.586763
612.249317
612.638516
622.078088
640.420940
639.624635
639.694880
655.609093
639.338348
656.509386
662.627154
661.578945
680.236491
678.206704
675.490642
702.668282
689.141248
694.876992
705.174458
708.124956
710.184612
708.834270
734.730676
727.235973
725.875964
732.877610
718.828315
757.094799
745.412412
749.719746
772.434403
786.445548
786.864692
771.801966
786.442755
788.606378
794.811142
786.728905
812.684948
809.568276
802.421931
809.950728
809.004388
819.171066
843.469075
841.552372
848.437325
849.639967
843.765651
841.856626
853.251443
861.695776
872.371236
895.591434
891.770019
895.593570
898.237272
917.799071
898.186854
910.517433
905.494050
906.374721
907.791500
920.978727
935.598056
930.987840
951.487041
962.557825
966.956905
967.280293
965.281504
979.250168
992.180618
980.618039
1007.800628
975.076265
997.957307
998.705020
1006.829121
1016.490013
1008.778141
1015.885636
1022.972985
1032.144811
1021.225240
1038.251467
1040.859159
1037.863584
1045.315145
1041.041973
1052.674619
1080.376329
1068.328124
1087.656158
1085.796455
1076.770948
1095.760278
1114.030787
1092.948819
1109.247057
1095.945349
1119.135037
1122.406763
1122.203066
1127.997782
1146.753153
1157.596295
1147.433018
1150.038029
1139.525107
1180.849266
1171.312620
1181.895265
1183.244290
1185.731616
1168.661044
1184.782052
1191.297786
1192.542871
1199.245400
1206.643418
1206.847146
1199.797814
1246.177902
1234.093063
1249.456965
1226.435431
1254.411022
1265.066421
1252.125968
1255.039421
1260.684630
1258.658357
1288.330041
1289.885167
1288.568368
1290.339726
1295.111378
1309.910130
1329.211870
1320.151866
1317.942703
1324.410146
1323.802000
1340.971119
1339.997666
1342.742167
1355.312907
1384.750486
1360.226864
1345.703187
1353.312657
1374.790423
1377.965199
1356.479147
1378.207989
1403.425903
1395.830628
1406.897118
1420.066474
1415.852554
1433.799420
1396.244501
1428.184050
1417.378299
1434.275677
1462.029165
1456.152365
1458.811445
1454.466418
1472.084775
1488.375873
1479.581786
1477.378964
1473.417564
1497.193529
1497.455638
1507.844759
1493.340569
1510.015850
1516.070732
1515.068836
1541.040892
1511.060354
1531.591491
1530.474289
1547.597711
1526.608032
1540.015663
1556.243880
1569.777014
1577.236731
1585.271742
1579.251427
1580.702138
1597.339769
1598.025149
1601.475320
1615.814007
1610.625885
1608.102740
1620.220385
1627.006716
1618.091847
1624.010617
1636.940983
1641.936931
1631.692646
1650.179328
1640.525185
1675.969992
1662.133295
1681.057853
1671.710336
1697.301953
1696.628911
1691.673894
1677.967401
1710.916084
1704.565146
1729.839765
1722.676060
1721.326241
1721.094955
1735.520365
1747.341747
1737.911679
1752.957927
1749.610610
1771.319771
1754.344054
1771.370756
1779.136768
1761.455119
1782.859975
1775.894310
1785.642342
1804.345026
1803.675976
1806.945137
1803.619173
1769.904563
1726.567567
1710.755109
1673.973313
1633.897749
1623.279680
1576.776705
1545.851768
1497.437615
1471.470193
1439.725820
1398.048409
1381.822408
1348.339174
1305.438465
1276.882663
1242.466298
1182.606144
1175.797810
1149.712416
1112.002468
1091.835943
1040.218212
1012.628893
979.724107
936.959089
904.237733
852.165740
836.276034
